PLATE MJD FIBER PLUG_RA PLUG_DEC Z
3586 55181 16 9.339775 -0.3677848 2.2423
3586 55181 18 9.447628 0.0313821 2.2596
3586 55181 20 9.470285 0.02447365 3.1812
3586 55181 32 9.258995 -0.3889896 -0.003194
3586 55181 36 9.212147 -0.3735328 -0.00046957
3586 55181 38 9.215234 -0.1658641 2.1655
3586 55181 40 9.280407 -0.4060559 -0.00049565
3586 55181 44 8.910549 -1.17895 2.6433
3586 55181 50 8.94721 -0.8274096 -0.00017782
3586 55181 52 9.218317 -0.8158875 2.6566
3586 55181 54 9.028014 -0.6866864 0.8265
3586 55181 56 9.078496 -0.7749719 4.0398
3586 55181 58 9.062217 -0.6606989 -0.00051351
3586 55181 60 9.164439 -0.6233862 -0.0006275
3586 55181 72 9.116946 -0.5235992 -8.9188e-05
3586 55181 76 8.963948 -0.07738176 2.824
3586 55181 78 9.024743 -0.1843745 1.4896
3586 55181 80 9.015007 0.07314751 2.2511
3586 55181 88 8.815919 -1.053412 2.961
3586 55181 90 8.823545 -1.01618 2.1609
3586 55181 94 8.860847 -0.897535 -0.00013199
3586 55181 96 8.78685 -0.6768516 -0.0008781
3586 55181 98 8.909572 -0.7321037 0.71673
3586 55181 106 8.86449 -0.5746506 2.5314
3586 55181 110 8.849829 -0.2343365 2.7821
3586 55181 114 8.820019 -0.3300266 2.2291
3586 55181 116 8.884778 -0.1396464 -0.00014073
3586 55181 120 8.852671 0.08161856 2.3587
3586 55181 126 8.658418 -0.9662405 2.2985
3586 55181 128 8.734374 -0.9106641 0.50016
3586 55181 134 8.641822 -0.840798 2.1871
3586 55181 138 8.637447 -0.7637933 3.1745
3586 55181 142 8.61283 -0.4347053 0.66184
3586 55181 144 8.510353 -0.4768824 -0.00053164
3586 55181 152 8.616482 0.05470481 0.72937
3586 55181 153 8.563033 -0.1300238 0.69666
3586 55181 158 8.480646 -0.01400361 2.6945
3586 55181 160 8.616875 0.128466 2.6245
3586 55181 162 8.449608 -1.206833 2.4813
3586 55181 174 8.522602 -0.9223402 2.9522
3586 55181 178 8.469413 -0.8229036 1.8019
3586 55181 180 8.469341 -0.7643913 1.0503
3586 55181 188 8.374811 -0.2187476 2.2143
3586 55181 190 8.449248 -0.1627554 2.5874
3586 55181 194 8.309438 -0.08694458 1.2027
3586 55181 196 8.402189 -0.009397985 0.53374
3586 55181 198 8.375615 0.01437424 2.6757
3586 55181 200 8.417666 0.08166149 -0.00020921
3586 55181 214 8.294095 -0.8051521 7.5973e-05
3586 55181 216 8.328786 -0.8095503 2.5898
3586 55181 224 8.16221 -0.6196563 0.66369
3586 55181 228 8.131979 -0.4611922 2.1323
3586 55181 230 8.127618 -0.397947 0.001275
3586 55181 232 8.221824 -0.2935466 2.8101
3586 55181 236 8.152136 -0.2375803 1.5165
3586 55181 240 8.181308 0.001121905 -0.00011448
3586 55181 254 8.026899 -1.180078 1.2696
3586 55181 260 8.034938 -0.8615823 1.7155
3586 55181 294 7.915617 -0.8998108 -0.00014171
3586 55181 300 7.847116 -0.6902751 -0.00058046
3586 55181 302 7.812248 -0.6493189 -0.0010126
3586 55181 310 7.752396 -0.393722 -0.00053009
3586 55181 312 7.894337 -0.2957702 2.1493
3586 55181 320 7.725086 -0.0461628 2.2582
3586 55181 322 7.720698 -1.187301 1.8139
3586 55181 324 7.669166 -1.085685 -0.00081946
3586 55181 326 7.676188 -0.9838871 0.62443
3586 55181 328 7.695125 -0.9115202 0.62635
3586 55181 330 7.685233 -0.8929379 -0.00055383
3586 55181 336 7.706121 -0.8450117 1.5658
3586 55181 340 7.73896 -0.6728028 0.62176
3586 55181 342 7.556099 -0.6077615 6.0948
3586 55181 344 7.55454 -0.5407406 0.00044655
3586 55181 348 7.552551 -0.4247503 2.3848
3586 55181 352 7.616308 -0.2730387 1.4802
3586 55181 374 7.525248 -0.9104802 2.2719
3586 55181 376 7.495629 -0.8361687 2.3847
3586 55181 378 7.487236 -0.8124388 2.3425
3586 55181 380 7.569579 -0.7345455 0.22924
3586 55181 382 7.42049 -0.5652903 0.0031166
3586 55181 390 7.444778 -0.4015994 -5.1792e-05
3586 55181 392 7.522456 -0.3302982 -0.00049773
3586 55181 394 7.457094 -0.2446563 0.00011008
3586 55181 396 7.479032 -0.1814955 2.3521
3586 55181 412 7.353245 -0.9874062 2.9205
3586 55181 414 7.227745 -0.9288085 8.4106e-05
3586 55181 418 7.371759 -0.7985125 0.29056
3586 55181 434 7.36327 -0.2225472 2.6362
3586 55181 440 7.224996 0.07728027 0.62709
3586 55181 442 7.204651 -1.159356 3.3524
3586 55181 450 6.897694 -0.8934062 -0.00051063
3586 55181 454 6.89943 -0.8165616 -0.00017773
3586 55181 456 7.124642 -0.848725 2.3604
3586 55181 458 6.823269 -0.8187821 0.2219
3586 55181 460 6.779563 -0.8068214 -0.00055626
3586 55181 462 7.154084 -0.3211572 0.43153
3586 55181 464 6.812907 -0.7170644 0.83129
3586 55181 465 7.154415 -0.4913585 1.1209
3586 55181 466 6.994729 -0.3232642 3.5194
3586 55181 468 6.914657 -0.2949446 -0.00272
3586 55181 471 6.880148 -0.5847625 2.2917
3586 55181 474 6.817346 -0.04452682 -0.00050433
3586 55181 476 6.786492 -0.03651784 0.69689
3586 55181 478 6.765603 -0.04234297 2.2084
3586 55181 482 6.68964 -0.6352897 3.1894
3586 55181 484 6.638303 -0.3750787 -3.7001e-05
3586 55181 488 6.634436 -0.5120331 4.0086
3586 55181 490 6.684303 -0.4434762 2.831
3586 55181 492 6.615651 -0.3028113 2.5299
3586 55181 494 6.559858 -0.07377845 4.7933
3586 55181 498 6.580654 -0.1941328 3.011
3586 55181 500 6.713739 0.01245921 -0.00013268
3586 55181 510 6.624247 0.4506735 5.7246
3586 55181 514 6.568985 0.4149925 1.1114
3586 55181 516 6.586043 0.3000446 2.7522
3586 55181 520 6.608173 0.1713201 0.39709
3586 55181 522 6.867184 0.716801 0.25618
3586 55181 534 6.885655 0.6688532 -0.0006673
3586 55181 538 6.830701 0.5625182 1.0423
3586 55181 540 6.996117 0.6451485 0.073896
3586 55181 541 7.077802 1.164906 0.74397
3586 55181 542 7.043667 1.132011 0.00010531
3586 55181 543 7.161752 1.082793 2.4839
3586 55181 544 7.15962 1.146663 1.2612
3586 55181 546 7.190721 1.113431 2.4548
3586 55181 547 6.931506 0.9329472 2.3538
3586 55181 548 7.104249 1.101194 0.38892
3586 55181 549 7.014237 0.8743066 0.89531
3586 55181 551 7.062002 0.8729031 2.9566
3586 55181 552 7.027094 1.01997 -0.00022868
3586 55181 556 6.825033 0.8817974 0.55661
3586 55181 558 6.909496 0.8497582 -0.00018076
3586 55181 560 6.841406 0.8105362 2.2259
3586 55181 562 7.163161 0.704187 1.5608
3586 55181 564 7.163503 0.6841855 2.4945
3586 55181 566 7.213772 0.5987142 -0.0007239
3586 55181 570 7.007014 0.360471 -9.6972e-05
3586 55181 572 7.244635 0.3344785 0.22422
3586 55181 578 7.18197 0.1672181 0.0048784
3586 55181 580 7.21794 0.1130834 0.74257
3586 55181 584 7.396281 1.226193 2.2483
3586 55181 592 7.297178 1.027829 -0.00071413
3586 55181 594 7.36301 0.9997559 2.2026
3586 55181 608 7.414455 0.6543707 0.11211
3586 55181 610 7.303802 0.329621 2.7428
3586 55181 612 7.35677 0.2646484 -0.00010054
3586 55181 614 7.405576 0.2368974 2.5634
3586 55181 620 7.230475 0.1381493 -0.00055906
3586 55181 622 7.46636 1.247256 2.9446
3586 55181 634 7.454639 0.7616584 3.1885
3586 55181 638 7.555236 0.9088517 0.060717
3586 55181 640 7.503382 0.7764599 -0.0005521
3586 55181 644 7.469466 0.6131123 -0.00047491
3586 55181 652 7.475731 0.4031903 2.5269
3586 55181 668 7.567893 1.18231 2.2377
3586 55181 672 7.546792 1.152589 0.81162
3586 55181 674 7.628452 1.082122 0.18157
3586 55181 676 7.636385 0.9112012 2.4933
3586 55181 680 7.571306 0.8997113 2.8353
3586 55181 696 7.702938 0.4785143 0.65745
3586 55181 700 7.756257 0.3920494 2.5425
3586 55181 714 7.812736 0.892348 3.3254
3586 55181 716 7.745899 1.032244 0.23518
3586 55181 718 7.878746 0.9408468 1.5731
3586 55181 726 7.82041 0.4931982 2.0337
3586 55181 728 7.897958 0.7509537 2.1707
3586 55181 730 7.931417 0.6782852 0.52614
3586 55181 732 7.840426 0.3434136 -0.00076817
3586 55181 734 7.923033 0.5215956 0.00047035
3586 55181 738 7.9357 0.3246586 3.1094
3586 55181 740 7.789855 0.1089106 2.9174
3586 55181 756 7.966647 0.8651349 2.5116
3586 55181 760 7.9374 0.8040502 0.51446
3586 55181 762 8.149397 0.4686704 2.4704
3586 55181 770 7.990501 0.4089787 -0.00051762
3586 55181 774 8.072444 0.230489 0.1953
3586 55181 776 8.034066 0.1244801 1.568
3586 55181 778 8.079891 0.07480739 0.91257
3586 55181 780 8.014092 0.07091598 2.5194
3586 55181 790 8.040119 1.187991 -3.0941e-05
3586 55181 792 8.036877 1.081564 -0.00084071
3586 55181 794 8.082681 0.9776023 -0.00061387
3586 55181 796 8.210664 0.8917754 2.3256
3586 55181 798 8.052665 0.9604334 -0.00055364
3586 55181 800 8.122204 0.8018033 0.77449
3586 55181 802 8.353939 0.4583578 3.3863
3586 55181 804 8.230962 0.7314522 6.0883
3586 55181 806 8.303383 0.5763841 2.3034
3586 55181 808 8.23515 0.3474257 3.0465
3586 55181 812 8.327041 0.3854629 0.69833
3586 55181 813 8.348506 0.6171139 -0.0001808
3586 55181 816 8.326151 0.2714389 3.3602
3586 55181 817 8.185186 0.2606515 2.875
3586 55181 818 8.286888 0.2121899 0.66651
3586 55181 820 8.397142 0.1446359 4.0099
3586 55181 830 8.40678 1.070055 4.0344
3586 55181 840 8.256385 0.9546944 -0.00011314
3586 55181 842 8.402025 0.6975716 4.5769e-05
3586 55181 846 8.404186 0.6699647 0.90246
3586 55181 850 8.60814 0.6511366 2.1483
3586 55181 852 8.439334 0.4012787 0.88102
3586 55181 854 8.467725 0.3825601 -4.0506e-05
3586 55181 856 8.536508 0.3345353 2.2675
3586 55181 858 8.571775 0.178159 2.2332e-05
3586 55181 874 8.634962 1.114081 2.2139
3586 55181 876 8.51066 1.143774 3.5899
3586 55181 880 8.479929 0.8723627 2.4427
3586 55181 882 8.733303 0.5645915 0.00023111
3586 55181 884 8.687456 0.2769566 2.2995
3586 55181 886 8.667474 0.3632363 1.8192
3586 55181 888 8.659952 0.2381554 3.3072
3586 55181 890 8.720125 0.2311002 2.1944
3586 55181 896 8.812014 0.2488926 5.7442
3586 55181 900 8.798434 0.1972579 2.9465e-05
3586 55181 908 8.803766 1.075184 2.2568
3586 55181 912 8.663628 1.140406 5.1189e-05
3586 55181 914 8.935027 0.9577215 0.00010915
3586 55181 916 8.929018 0.9316066 4.8505e-05
3586 55181 918 8.865288 0.8891584 2.4567
3586 55181 920 8.739231 0.8260463 0.72374
3586 55181 924 8.94661 0.6704375 0.85989
3586 55181 926 9.027372 0.4958016 1.5197
3586 55181 934 9.040679 0.4328797 1.723
3586 55181 940 8.985887 0.1796554 0.33055
3586 55181 956 8.931496 1.010904 2.5092
3586 55181 958 9.14038 0.8390906 2.169
3586 55181 960 8.964712 0.8871699 0.00016919
3586 55181 966 9.119364 0.69424 1.0887
3586 55181 976 9.109638 0.3784567 0.65317
3586 55181 988 9.314096 0.6591986 2.6712
3586 55181 990 9.391329 0.4552644 1.2217
3586 55181 992 9.232317 0.1968518 0.58945
3586 55181 994 9.329701 0.5274833 -0.00024904
3586 55181 998 9.362488 0.2246464 3.8837
3586 55181 1000 9.456391 0.1433094 5.8283
3587 55182 6 10.3851 -0.01921445 -0.00035614
3587 55182 14 10.46269 0.03156996 2.2494
3587 55182 56 10.15649 -0.5842064 2.4703
3587 55182 68 10.05346 -0.4136676 -0.00061968
3587 55182 70 10.00746 0.03479305 2.3835
3587 55182 72 10.08018 -0.3953771 1.0651
3587 55182 76 9.993004 -0.2307926 3.3357
3587 55182 80 10.01567 -0.3390807 1.7533
3587 55182 82 9.886941 -0.8867025 -0.00083819
3587 55182 98 9.875152 -1.113454 0.97649
3587 55182 100 9.844878 -0.736083 2.1604
3587 55182 108 9.954617 0.09109245 0.79497
3587 55182 114 9.919061 -0.3274451 0.00011197
3587 55182 126 9.752719 -1.00908 -0.00068733
3587 55182 130 9.721481 -1.055542 2.3713
3587 55182 138 9.722623 -1.023684 2.2085
3587 55182 152 9.684047 -0.2723015 -0.00029632
3587 55182 154 9.721519 -0.4907303 -3.736e-05
3587 55182 166 9.542992 -0.8274937 2.4951
3587 55182 168 9.467912 -0.7932152 -0.00075019
3587 55182 176 9.526847 -0.9345083 2.3108
3587 55182 184 9.566953 -0.4837942 3.0059
3587 55182 204 9.434137 -0.78894 -0.00019376
3587 55182 209 9.384579 -1.00746 -0.00059753
3587 55182 210 9.419903 -1.054758 0.067158
3587 55182 222 9.445635 -0.3479397 2.6168
3587 55182 226 9.377381 -0.2827693 8.7283e-05
3587 55182 244 9.063317 -1.04476 2.6434
3587 55182 250 9.146051 -1.122806 2.9492
3587 55182 254 9.102846 -0.8043718 -3.6065e-05
3587 55182 260 9.020438 -1.217474 0.82822
3587 55182 262 9.220841 -0.3660933 -0.00088831
3587 55182 266 9.166403 -0.0007271475 -0.00052721
3587 55182 268 9.258676 0.1093183 2.6887
3587 55182 274 9.101937 -0.408117 2.3146
3587 55182 278 9.214355 -0.2932792 -0.00057643
3587 55182 282 8.925786 -1.220356 2.1854
3587 55182 286 8.992101 -1.042412 2.3233
3587 55182 288 8.949933 -1.190376 1.5527
3587 55182 290 8.887618 -1.238327 -0.00068116
3587 55182 292 8.933537 -1.169105 3.2075
3587 55182 294 8.901991 -1.104298 2.3636
3587 55182 298 9.066208 -0.7077986 2.1708
3587 55182 302 8.892755 -0.5397668 2.8529
3587 55182 308 9.015154 -0.4258686 2.2357
3587 55182 316 8.981812 0.07115283 1.5447
3587 55182 317 9.081404 -0.1860274 -0.00030543
3587 55182 320 8.941776 -0.1414015 2.7618e-05
3587 55182 330 8.801212 -0.9268327 0.42018
3587 55182 332 8.659687 -0.8207201 1.837
3587 55182 336 8.832243 -0.8774201 3.1316
3587 55182 342 8.752699 -0.4181255 2.3171
3587 55182 344 8.636339 -0.6856679 1.4139
3587 55182 351 8.728443 -0.2366101 -0.00057712
3587 55182 356 8.693085 0.06099274 2.7187
3587 55182 360 8.706502 -0.3510036 2.4429
3587 55182 364 8.585935 -1.154807 2.8531
3587 55182 368 8.447066 -0.8931925 -0.00025439
3587 55182 370 8.521833 -0.8913541 0.00012745
3587 55182 372 8.57505 -0.754854 1.3874
3587 55182 376 8.543855 -0.8198656 2.8578
3587 55182 384 8.459226 -0.5473089 3.2917
3587 55182 386 8.484726 -0.7251488 2.3064
3587 55182 389 8.455858 -0.3935867 2.8604
3587 55182 391 8.451656 -0.6531322 2.7429
3587 55182 399 8.607731 -0.08224558 -0.00089229
3587 55182 400 8.616482 0.05470481 1.0566
3587 55182 404 8.293085 -1.054574 2.8008
3587 55182 406 8.385189 -1.024547 0.63511
3587 55182 410 8.300523 -1.102349 2.1311
3587 55182 412 8.284304 -0.8579262 0.00048467
3587 55182 416 8.413411 -0.9360369 0.13093
3587 55182 418 8.375971 -0.7806574 -0.0005337
3587 55182 420 8.273088 -1.020126 3.0193
3587 55182 422 8.345026 -0.7496497 1.4995
3587 55182 428 8.221819 -0.1747351 1.0775
3587 55182 430 8.273203 -0.2581556 -0.00015345
3587 55182 440 8.424789 -0.5314639 0.0002861
3587 55182 444 8.201932 -0.9142241 2.6598
3587 55182 446 8.267046 -0.878158 0.26223
3587 55182 450 8.128457 -1.140137 2.0248
3587 55182 462 7.90258 -0.2220423 -0.00016036
3587 55182 466 8.009283 -0.604123 2.4202
3587 55182 468 8.108319 -0.7257201 2.4307
3587 55182 470 8.040331 -0.1692726 -0.00056222
3587 55182 472 8.151754 -0.7684635 0.54756
3587 55182 477 8.077063 -0.1542938 0.18882
3587 55182 478 7.853772 -0.01264291 0.22529
3587 55182 484 7.764553 -0.3857296 0.3588
3587 55182 488 7.938326 -0.7212738 2.4942
3587 55182 494 7.705121 -0.01743875 2.2568
3587 55182 500 7.558393 -0.0616607 2.7298
3587 55182 504 7.753349 0.3921304 2.5489
3587 55182 506 7.692127 0.02065352 2.8981
3587 55182 508 7.53286 -0.002002554 -0.0032672
3587 55182 518 7.830576 0.5004662 0.43702
3587 55182 540 8.244233 0.9419411 0.00022494
3587 55182 548 8.010264 1.107982 2.8898
3587 55182 558 8.002176 0.9160895 2.4377
3587 55182 566 7.923033 0.5215956 0.00044077
3587 55182 568 7.932497 0.3430029 2.7355
3587 55182 570 7.898241 0.5725804 2.2645
3587 55182 576 8.093485 0.6987862 0.24513
3587 55182 588 8.423393 0.9230874 1.6338
3587 55182 596 8.465343 0.816701 2.8525
3587 55182 602 8.269997 0.7272702 2.2166
3587 55182 603 8.30906 0.7221144 -0.00068652
3587 55182 606 8.311374 0.8182069 1.9563
3587 55182 612 8.390218 0.7225297 0.37645
3587 55182 613 8.319604 0.6377246 -0.00010064
3587 55182 616 8.37865 0.533838 1.11
3587 55182 617 8.075395 0.1353663 3.7994
3587 55182 618 8.239031 0.2489494 -5.4967e-05
3587 55182 620 8.079891 0.07480739 0.91995
3587 55182 630 8.630047 1.183422 2.2118
3587 55182 632 8.741566 1.066427 2.6959
3587 55182 638 8.737034 0.8282907 0.16368
3587 55182 644 8.523034 0.589174 2.2474
3587 55182 650 8.461103 0.4120856 -0.00019487
3587 55182 652 8.538593 0.338921 1.9364
3587 55182 656 8.397142 0.1446359 1.2251
3587 55182 667 9.016081 1.18024 3.3078e-05
3587 55182 668 9.013048 1.231263 -0.00060963
3587 55182 676 9.054134 1.104956 -0.00036321
3587 55182 683 8.661928 0.7755939 -0.00064935
3587 55182 688 8.728675 0.5500592 -2.0441e-05
3587 55182 695 8.613198 0.1954584 -0.00024897
3587 55182 698 8.60782 0.1763929 -0.00062642
3587 55182 712 9.172204 0.9222975 -6.6805e-05
3587 55182 714 9.168108 1.247079 2.348
3587 55182 720 9.127879 1.089075 2.4539
3587 55182 721 8.855386 0.6674251 4.7619
3587 55182 722 8.82482 0.726039 2.9677
3587 55182 727 9.020997 0.659203 -0.0012259
3587 55182 728 8.809448 0.5531443 -0.00065999
3587 55182 731 8.765725 0.2782274 2.6708
3587 55182 734 8.941088 0.3849533 3.2385
3587 55182 737 8.927112 0.3667125 2.3167
3587 55182 752 9.363559 1.0406 4.0811
3587 55182 763 9.016661 0.6380439 -0.00071062
3587 55182 769 9.175961 0.7718373 2.2869
3587 55182 770 9.114666 0.2121031 2.6136
3587 55182 774 9.068099 0.7066154 1.6872
3587 55182 776 9.204796 0.3252714 3.0007
3587 55182 784 9.430211 1.079069 -0.00028091
3587 55182 806 9.446376 0.483228 -0.0007946
3587 55182 820 9.506364 0.6734665 1.1619
3587 55182 826 9.205259 0.3869182 2.6258
3587 55182 830 9.305205 0.7684936 2.4362
3587 55182 834 9.255568 0.2628572 1.1522
3587 55182 836 9.393224 0.5443022 2.9434
3587 55182 838 9.378581 0.4168576 0.00047551
3587 55182 860 9.58527 0.4582996 2.4093
3587 55182 862 9.593615 0.995018 -0.0006938
3587 55182 888 9.75663 0.4794496 -0.00065058
3587 55182 896 9.700139 0.1504451 3.0398
3587 55182 898 9.868562 0.3575588 -0.00044997
3587 55182 900 9.876329 0.2983998 2.8953
3587 55182 910 9.743491 0.9461023 0.5162
3587 55182 918 9.837333 0.8473656 -0.00046613
3587 55182 926 9.939972 0.7094405 1.34
3587 55182 930 9.915751 0.3562676 1.2609
3587 55182 932 9.976221 0.5229488 1.6312
3587 55182 934 10.0116 0.5851656 2.7471
3587 55182 938 10.08966 0.2147002 -0.0004301
3587 55182 940 9.936267 0.2540849 -0.00068584
3587 55182 942 9.956961 1.119127 -0.00072643
3587 55182 945 9.895875 1.029686 2.1696
3587 55182 946 9.991857 1.050039 2.1813
3587 55182 970 10.14248 0.232342 2.5418
3587 55182 974 10.1576 0.2422266 -0.00025587
3587 55182 978 10.04155 0.6356518 2.4432
3587 55182 982 10.3377 0.6229097 0.25037
3587 55182 986 10.34725 0.5992215 2.6506
3587 55182 990 10.33447 0.4364253 2.3609
3587 55182 998 10.4456 0.346401 2.826
3588 55184 4 11.413 -0.06723294 1.4179
3588 55184 8 11.30887 -0.3387252 2.4001
3588 55184 10 11.31459 -0.5616686 -0.00074561
3588 55184 12 11.45436 -0.1616572 0.00056961
3588 55184 16 11.433 -0.2069369 4.0097
3588 55184 20 11.38081 -0.1984367 0.72758
3588 55184 22 11.26485 0.0190346 1.1617
3588 55184 24 11.17459 -0.1456313 2.6711
3588 55184 28 11.07167 -0.6111331 2.2343
3588 55184 30 11.1024 -0.4621367 -0.00048114
3588 55184 34 11.14822 -0.01020204 -1.4094e-05
3588 55184 36 11.06844 -0.3814848 2.4
3588 55184 38 11.28962 -0.1094797 -0.00093443
3588 55184 42 11.00977 -0.8408883 2.1187
3588 55184 46 10.9639 -0.8275484 2.3285
3588 55184 48 11.02968 -0.6811937 -0.00060551
3588 55184 50 11.06596 -0.7175387 3.2475
3588 55184 52 11.22198 -0.7394796 2.5702
3588 55184 54 11.20303 -0.7951733 -8.8181e-05
3588 55184 56 11.17717 -0.7996268 -0.00076942
3588 55184 58 11.04556 -0.8745077 2.4262
3588 55184 62 10.99022 0.03795756 -0.00073551
3588 55184 66 11.07468 -0.1899228 -0.00045301
3588 55184 68 10.85833 -0.36047 0.99552
3588 55184 72 11.04051 -0.4909226 -0.00034391
3588 55184 82 10.74244 -0.7806493 0.00011502
3588 55184 84 10.77765 -1.027542 2.175
3588 55184 90 10.77853 -0.8256136 2.4883
3588 55184 92 10.83436 -0.655388 1.5505
3588 55184 94 10.84314 -1.062071 2.9022
3588 55184 96 10.85253 -0.9729495 1.1768
3588 55184 98 10.85652 -0.8653271 2.2425
3588 55184 100 10.84136 -1.226984 1.531
3588 55184 108 10.75646 -0.2109077 -0.00035773
3588 55184 112 10.72643 0.08268189 3.0987
3588 55184 120 10.79412 -0.577672 2.4678
3588 55184 122 10.66634 -1.225623 -0.00085376
3588 55184 130 10.66154 -0.7072495 2.8614
3588 55184 142 10.59278 -0.3181686 2.6263
3588 55184 148 10.60645 -0.6259026 3.2499
3588 55184 166 10.53854 -0.6238983 2.4478
3588 55184 168 10.55189 -0.6694421 -0.00071594
3588 55184 174 10.45081 -0.8761233 -0.00067511
3588 55184 176 10.52351 -1.244914 2.4721
3588 55184 184 10.44752 -0.6317434 1.1865
3588 55184 204 10.31025 -0.7027446 2.2297
3588 55184 210 10.33828 -1.205647 3.468
3588 55184 212 10.44518 -0.6934791 2.8639
3588 55184 214 10.41555 -0.6668421 0.83692
3588 55184 224 10.27818 -0.285471 -0.00047802
3588 55184 230 10.37419 -0.3587262 1.6233
3588 55184 232 10.30885 -0.1981729 2.9345
3588 55184 240 10.28456 -0.4622605 0.84313
3588 55184 242 10.18251 -1.075136 2.1928
3588 55184 250 10.10222 -1.207966 2.2452
3588 55184 258 10.19444 -0.9874101 -0.00060202
3588 55184 260 10.15013 -0.974658 -0.00026844
3588 55184 266 10.18031 -0.1120322 2.8081
3588 55184 268 10.09967 -0.1308963 -0.00013333
3588 55184 274 10.19391 0.007524058 -0.00028919
3588 55184 276 10.18361 -0.5552742 -2.4643e-05
3588 55184 284 9.942221 -1.093202 -0.00030073
3588 55184 288 10.08185 -0.7703281 -6.8845e-05
3588 55184 302 10.03709 -0.6444462 2.8288
3588 55184 304 9.846607 -0.2479816 2.243
3588 55184 310 10.01819 -0.3594961 8.5151e-05
3588 55184 312 9.909687 -0.3273288 -0.00042317
3588 55184 314 9.852848 -0.1910448 0.21748
3588 55184 316 9.984263 -0.02125975 -0.00025618
3588 55184 320 9.954617 0.09109245 0.7948
3588 55184 338 9.799232 -0.7227874 1.5021
3588 55184 342 9.767923 -0.4435327 2.1509
3588 55184 346 9.68531 -0.3148825 2.352
3588 55184 348 9.818127 -0.1138977 0.00070289
3588 55184 352 9.636434 -0.2382024 0.00085791
3588 55184 354 9.63175 0.09791198 -0.00027416
3588 55184 358 9.76147 -0.09000851 2.293
3588 55184 360 9.665417 -0.1235818 2.2441
3588 55184 362 9.747253 -0.71452 2.5103
3588 55184 364 9.558826 -1.152022 -0.00045063
3588 55184 366 9.500761 -0.9852194 3.0403
3588 55184 370 9.620352 -1.037773 3.4332
3588 55184 372 9.526847 -0.9345083 2.3085
3588 55184 378 9.725386 -0.8675087 0.87695
3588 55184 384 9.578344 -0.372957 -0.00058955
3588 55184 386 9.3763 -0.6907908 0.28588
3588 55184 390 9.557736 -0.2266519 2.4908
3588 55184 392 9.553397 -0.4827729 -0.00039301
3588 55184 394 9.527831 0.04277118 -0.00059529
3588 55184 396 9.503987 -0.3890604 2.4666
3588 55184 401 9.378571 -0.8825263 2.469
3588 55184 414 9.497405 -1.119565 4.9301e-06
3588 55184 416 9.467912 -0.7932152 -0.00026908
3588 55184 418 9.396912 -1.175742 1.0905
3588 55184 420 9.442558 -1.245639 2.6717
3588 55184 421 9.182207 -0.732149 2.3179
3588 55184 422 9.449429 -0.586037 2.7853
3588 55184 438 9.392323 -0.3328868 0.00014408
3588 55184 442 9.389922 -0.6547207 2.9591
3588 55184 457 9.381088 -1.24606 4.1897
3588 55184 468 9.101937 -0.408117 2.3136
3588 55184 470 9.164764 -0.03242349 2.2072
3588 55184 472 9.220841 -0.3660933 -0.00092127
3588 55184 478 8.975703 -0.2314032 2.7938
3588 55184 482 8.911123 -0.4056138 2.7964
3588 55184 492 8.811627 -0.1204726 1.5082
3588 55184 494 8.730076 0.047118 1.6989
3588 55184 500 8.852001 0.1154804 -0.0006975
3588 55184 504 8.663854 0.4033447 -0.00038493
3588 55184 509 8.659364 0.08528407 2.3327
3588 55184 510 8.609287 0.433904 3.2306
3588 55184 515 8.644307 0.255756 0.56827
3588 55184 518 8.578622 0.2040962 3.0343
3588 55184 530 9.021933 0.2718657 2.9394
3588 55184 531 8.840055 0.328047 2.3612
3588 55184 532 8.990856 0.383562 2.2352
3588 55184 534 8.888766 0.5125278 -0.00054342
3588 55184 538 9.035875 0.1499881 -0.00053355
3588 55184 539 8.839557 0.6126788 0.00040516
3588 55184 542 9.127879 1.089075 2.4532
3588 55184 544 9.154983 1.054023 2.2872
3588 55184 546 9.06282 1.122631 0.85309
3588 55184 554 9.191953 1.076411 -0.00038355
3588 55184 558 9.209075 0.9114928 0.3864
3588 55184 562 9.119364 0.69424 0.61566
3588 55184 568 9.258901 0.5582944 2.3602
3588 55184 570 9.285266 0.4821758 3.025
3588 55184 588 9.441873 0.9119746 1.6275
3588 55184 590 9.399533 0.8533583 -0.00010226
3588 55184 594 9.240145 0.9551987 -0.00045461
3588 55184 598 9.311538 0.8375465 0.56361
3588 55184 600 9.340486 0.7608391 0.5047
3588 55184 608 9.475507 0.7385407 2.2795
3588 55184 612 9.508612 0.3716514 1.1825
3588 55184 614 9.378547 0.721313 1.7381
3588 55184 616 9.412708 0.145098 -0.00084888
3588 55184 624 9.473523 1.078917 1.0905
3588 55184 626 9.614401 1.167405 0.88683
3588 55184 630 9.56805 0.8738894 -3.9577e-05
3588 55184 646 9.514324 0.4027071 0.26332
3588 55184 648 9.591519 0.4538097 2.8359
3588 55184 654 9.614487 0.2835635 2.4068
3588 55184 656 9.535453 0.2268081 -0.0012233
3588 55184 657 9.595606 0.2441712 2.0349
3588 55184 670 9.598954 0.9800926 0.70686
3588 55184 674 9.738322 0.9421128 1.1081
3588 55184 676 9.772223 1.061781 1.1545
3588 55184 688 9.852256 0.4170968 3.2989
3588 55184 694 9.777703 0.2737002 2.3817
3588 55184 696 9.90353 0.111543 0.22058
3588 55184 700 9.846018 0.5929689 2.8699e-05
3588 55184 704 9.813963 1.073802 3.2216
3588 55184 709 9.882075 1.103132 -0.00015395
3588 55184 710 9.856511 1.018958 0.37215
3588 55184 716 9.897455 0.9062195 -0.00016045
3588 55184 724 10.04155 0.6356518 2.4433
3588 55184 730 9.995549 0.4730599 0.79898
3588 55184 732 9.925261 0.3559255 1.0406
3588 55184 736 9.92753 0.336095 2.7145
3588 55184 740 10.10885 0.3949353 2.1861
3588 55184 746 9.993759 1.157876 6.0615
3588 55184 748 9.963173 1.188231 0.00028279
3588 55184 750 10.00592 0.985764 -9.0983e-05
3588 55184 754 9.960406 0.9864615 -0.00056561
3588 55184 764 10.2431 0.4358339 -0.00071843
3588 55184 768 10.19527 0.611214 2.4408
3588 55184 772 10.13819 0.3823662 -0.0007894
3588 55184 776 10.14248 0.232342 2.543
3588 55184 780 10.21266 0.1551173 2.3623
3588 55184 790 10.29412 1.124672 -0.00027809
3588 55184 794 10.25867 0.8840472 -0.00010543
3588 55184 798 10.22446 0.8123443 0.24703
3588 55184 800 10.17557 0.8115261 0.98899
3588 55184 814 10.45051 0.4296362 2.3991
3588 55184 818 10.46898 0.5013881 2.3485
3588 55184 824 10.41585 0.9968717 0.58223
3588 55184 834 10.38077 0.7485483 5.3666
3588 55184 836 10.37415 0.9876228 3.0046
3588 55184 858 10.55067 0.5866567 2.497
3588 55184 860 10.58344 0.5547598 2.3595
3588 55184 864 10.62947 1.062022 2.3043
3588 55184 868 10.59033 0.9899568 -0.00060211
3588 55184 870 10.52991 0.8778592 5.8859
3588 55184 880 10.70702 0.9281692 3.9391
3588 55184 882 10.586 0.4285496 5.7244
3588 55184 884 10.66755 0.5549267 5.8662
3588 55184 886 10.6037 0.6137287 2.058
3588 55184 888 10.64729 0.3500453 2.5737
3588 55184 890 10.72745 0.299281 -0.00029091
3588 55184 892 10.71798 0.4583518 0.19542
3588 55184 894 10.62475 0.1832368 1.2707
3588 55184 896 10.67713 0.1743227 0.58179
3588 55184 914 10.77585 0.8059046 -0.00055444
3588 55184 918 10.85355 0.7806036 -0.00059374
3588 55184 920 10.79982 1.152608 2.2166
3588 55184 928 10.76489 0.5559272 0.58121
3588 55184 930 10.8668 0.6259821 0.58079
3588 55184 932 10.81872 0.4713853 -0.00070136
3588 55184 934 10.93478 0.4546985 -4.3747e-05
3588 55184 940 10.8881 0.2250552 2.2964
3588 55184 958 11.19741 0.8724116 2.7736
3588 55184 960 11.09659 0.8626842 6.6105
3588 55184 970 11.12933 0.5282782 1.0233
3588 55184 974 11.2231 0.4463064 -0.00025632
3588 55184 978 10.98584 0.1308219 2.7818
3588 55184 986 11.39549 0.3699045 1.0934
3588 55184 992 11.3175 0.5505328 0.87144
3588 55184 994 11.33729 0.2137568 0.65423
3588 55184 996 11.39863 0.233611 3.2456
3588 55184 1000 11.4591 0.2466525 0.85557
3589 55186 4 12.2688 -0.4843658 2.6865
3589 55186 8 12.27387 -0.5142292 3.2284
3589 55186 10 12.34869 -0.2998974 -0.00058063
3589 55186 12 12.23789 -0.255579 2.1697
3589 55186 18 12.3411 -0.1264773 0.20112
3589 55186 22 12.12491 -0.5086891 0.00028206
3589 55186 24 12.21841 -0.408564 2.6903
3589 55186 26 12.10726 -0.5894535 2.2951
3589 55186 28 12.1447 -0.2193617 0.58362
3589 55186 30 12.09369 -0.5736941 2.3639
3589 55186 32 12.11288 -0.0013561 2.7023
3589 55186 33 12.1484 -0.2965496 -0.00053679
3589 55186 34 12.11475 -0.01957533 0.11275
3589 55186 35 12.19236 -0.06885116 0.86099
3589 55186 39 12.08305 -0.07743774 1.0963
3589 55186 40 12.06274 -0.08082919 3.1226
3589 55186 46 12.25137 -0.7520366 -0.0012464
3589 55186 52 12.06182 -0.9950896 -0.00057914
3589 55186 60 12.00602 -0.6475528 2.5813
3589 55186 66 11.92112 -0.2790747 0.66436
3589 55186 74 11.98407 -0.06727087 2.828
3589 55186 76 12.00148 -0.5922692 0.8748
3589 55186 84 11.77772 -1.055391 0.36113
3589 55186 90 11.83288 -1.021762 3.5886
3589 55186 98 11.89971 -0.8296666 2.1737
3589 55186 104 11.81809 -0.5972838 4.177
3589 55186 108 11.76034 -0.413805 0.00027503
3589 55186 110 11.67633 -0.131581 2.2296
3589 55186 120 11.67813 -0.05118857 0.94522
3589 55186 126 11.61254 -1.032911 1.4003
3589 55186 130 11.57153 -0.942096 0.00018343
3589 55186 132 11.59033 -0.8765893 -0.00071989
3589 55186 136 11.76241 -0.7446205 -0.00082261
3589 55186 141 11.53153 -1.034959 2.3177
3589 55186 142 11.63009 -0.1961173 2.4624
3589 55186 144 11.64246 -0.4355858 0.00056624
3589 55186 154 11.57754 -0.1602195 2.4399
3589 55186 162 11.44941 -1.209069 -0.0002118
3589 55186 164 11.38491 -1.022498 0.19914
3589 55186 168 11.33792 -1.24873 -0.00070684
3589 55186 170 11.45821 -0.9634626 3.8523
3589 55186 182 11.46122 -0.3613747 2.5128
3589 55186 184 11.46543 -0.5184699 0.0
3589 55186 188 11.46117 -0.4659187 -0.00027091
3589 55186 190 11.24692 -0.6206142 2.3532
3589 55186 196 11.48897 -0.08625429 2.3015
3589 55186 198 11.36077 -0.3176979 2.2405
3589 55186 204 11.27074 -1.16503 0.64646
3589 55186 206 11.23731 -1.090397 -0.00068352
3589 55186 212 11.14921 -0.9274052 -0.00061992
3589 55186 216 11.16903 -0.8918023 2.5871
3589 55186 218 11.16352 -0.7020117 2.0596
3589 55186 224 11.09074 -0.6129927 -0.00047936
3589 55186 226 11.0679 -0.6117938 1.9057
3589 55186 227 11.18594 -0.6206618 -0.00010584
3589 55186 233 11.21982 -0.1406179 3.6175
3589 55186 234 11.11465 -0.3092759 -0.00094599
3589 55186 236 11.01178 -0.1115766 2.4926
3589 55186 237 11.11771 -0.1131438 3.4696
3589 55186 238 11.31587 0.01393212 0.00031422
3589 55186 240 11.09788 -0.03406331 1.8323
3589 55186 242 11.03947 -1.077138 0.79867
3589 55186 246 10.98463 -1.181939 0.6307
3589 55186 248 11.11508 -1.120098 1.4922
3589 55186 254 10.97619 -0.9973958 3.0531
3589 55186 258 10.95811 -0.9632986 -0.00059949
3589 55186 262 10.9005 -0.01937539 2.9767
3589 55186 266 10.90012 -0.4317366 1.5814
3589 55186 268 10.95926 -0.4384541 0.00078902
3589 55186 278 10.84762 -0.2645787 2.7843
3589 55186 282 10.7904 -1.210297 2.581
3589 55186 290 10.77505 -0.8924286 2.225
3589 55186 294 10.8377 -0.9899339 1.4549
3589 55186 298 10.8741 -0.7437391 -0.00052899
3589 55186 302 10.78272 -0.6261199 -0.00026698
3589 55186 320 10.79901 -0.5248996 1.2712
3589 55186 328 10.60551 -1.088876 2.37
3589 55186 332 10.63133 -1.014202 2.3059
3589 55186 334 10.68099 -1.071901 2.9392
3589 55186 338 10.7522 -1.067274 2.5075
3589 55186 340 10.58506 -0.6662008 -0.00012526
3589 55186 352 10.58994 -0.4426872 1.6023
3589 55186 362 10.46821 -1.177014 3.8721
3589 55186 364 10.42097 -1.197716 2.1497
3589 55186 366 10.42986 -0.9819663 2.5526
3589 55186 369 10.51957 -1.078625 0.0001995
3589 55186 370 10.4234 -0.9224923 -0.00058113
3589 55186 371 10.4767 -1.018121 1.4006
3589 55186 376 10.50427 -0.9733332 0.00043636
3589 55186 380 10.50218 -0.918386 -0.00031166
3589 55186 382 10.47656 -0.4988601 3.848
3589 55186 400 10.30783 -0.2772392 1.1512
3589 55186 402 10.33459 -0.9199836 0.47885
3589 55186 418 10.23949 -0.8817119 3.014
3589 55186 423 10.02519 -0.619973 1.8131
3589 55186 426 10.28633 -0.5242244 6.5629
3589 55186 442 9.915302 -0.9352777 2.2387
3589 55186 446 10.17348 -1.043223 3.1202
3589 55186 450 10.15876 -0.9464631 4.5439e-05
3589 55186 452 10.22023 -1.123577 3.6672
3589 55186 456 9.89881 -0.734746 1.1705
3589 55186 462 9.902217 -0.5285192 1.146
3589 55186 471 9.917458 -0.1660464 2.2557
3589 55186 480 9.868057 -0.02695704 2.4786
3589 55186 492 9.659906 -0.2680503 0.71493
3589 55186 493 9.74516 -0.300431 2.7358
3589 55186 498 9.673555 -0.1173711 0.5527
3589 55186 506 9.760627 0.8059454 6.9221
3589 55186 508 9.73279 0.3684214 1.6506
3589 55186 522 9.817807 0.7428977 0.16551
3589 55186 541 10.06178 1.113399 3.0948
3589 55186 556 10.10153 1.014675 0.00048188
3589 55186 558 10.09334 0.9943593 2.5636
3589 55186 562 10.01446 0.5838676 2.758
3589 55186 568 10.186 0.6471085 2.2849
3589 55186 586 10.21243 1.121005 2.4353
3589 55186 590 10.28569 1.13064 2.9175
3589 55186 594 10.14835 0.7421475 0.058634
3589 55186 596 10.26663 1.000601 2.7846
3589 55186 600 10.22798 0.9108059 2.0406
3589 55186 618 10.35287 0.08973738 2.5563
3589 55186 622 10.39117 1.213063 0.75508
3589 55186 624 10.35682 1.149789 -0.00070513
3589 55186 626 10.33079 1.08266 2.2793
3589 55186 634 10.42496 1.043252 0.82422
3589 55186 638 10.36697 0.8549178 1.5723
3589 55186 639 10.48035 0.6839243 2.5515
3589 55186 648 10.5271 0.2193973 2.5886
3589 55186 652 10.46682 0.1392621 0.65533
3589 55186 664 10.5004 1.213636 2.1894
3589 55186 674 10.63691 0.9413388 3.7216e-05
3589 55186 677 10.62947 1.062022 2.3049
3589 55186 678 10.57334 1.034874 2.6038
3589 55186 684 10.57801 0.5436222 3.0603
3589 55186 694 10.62154 0.2309058 3.3324
3589 55186 696 10.61603 0.6045379 2.6498
3589 55186 698 10.60406 0.4176967 2.3136
3589 55186 700 10.6341 0.200045 -0.00062959
3589 55186 710 10.81955 1.002742 -0.00080766
3589 55186 714 10.63933 0.7882012 0.00015334
3589 55186 718 10.83188 0.8110424 -0.00031007
3589 55186 720 10.73288 0.7547437 -0.0010287
3589 55186 722 10.76065 0.6335367 -0.00013821
3589 55186 740 10.80492 0.1573429 6.0953
3589 55186 744 10.93095 1.15974 0.37578
3589 55186 756 10.98804 1.238268 2.6827
3589 55186 764 11.10198 0.4924975 2.1633
3589 55186 768 11.03167 0.6419482 0.79611
3589 55186 772 11.07479 0.3852399 2.2239
3589 55186 776 11.18361 0.2176662 2.2766
3589 55186 784 11.13425 1.222678 0.63435
3589 55186 788 11.02557 1.143594 1.1515
3589 55186 794 11.18694 0.9144829 0.84682
3589 55186 796 11.04559 0.8547721 -0.00076792
3589 55186 804 11.31851 0.4998798 0.58762
3589 55186 806 11.26165 0.601154 2.103
3589 55186 808 11.2533 0.6863232 0.71424
3589 55186 812 11.36524 0.2361844 2.4274
3589 55186 813 11.365 0.4663607 1.5698
3589 55186 814 11.28494 0.1842533 0.00069655
3589 55186 816 11.26333 0.08430484 0.4551
3589 55186 818 11.33267 0.2097079 -0.00012718
3589 55186 824 11.21785 1.159611 1.2604
3589 55186 840 11.30261 0.720958 0.263
3589 55186 842 11.56763 0.5518814 0.46182
3589 55186 848 11.52345 0.2599741 0.41291
3589 55186 852 11.49418 0.4234639 2.2819
3589 55186 854 11.48223 0.1900636 2.8033
3589 55186 856 11.50199 0.09545817 2.4592
3589 55186 858 11.44299 0.1388907 0.53807
3589 55186 860 11.50865 0.3977598 2.1807
3589 55186 861 11.51727 1.177122 0.00013554
3589 55186 864 11.56875 1.228623 2.163
3589 55186 868 11.51886 0.9486443 2.3947
3589 55186 872 11.61187 0.7591698 -0.00047724
3589 55186 876 11.44361 0.8940686 1.1755
3589 55186 906 11.63476 1.095673 -0.00064621
3589 55186 910 11.77728 0.9952757 2.3072
3589 55186 912 11.6512 0.8522473 -0.0012554
3589 55186 913 11.79464 0.7084463 3.4726
3589 55186 914 11.86142 0.9298472 2.8192
3589 55186 916 11.86989 0.672305 3.063
3589 55186 918 11.75626 0.6448527 -0.00051872
3589 55186 920 11.70786 0.7442073 -0.00062461
3589 55186 930 11.79607 0.5932551 -1.0689e-05
3589 55186 932 11.81884 0.3878948 2.2047
3589 55186 934 11.90916 0.3320347 2.4769
3589 55186 940 11.92813 0.1321157 0.00011258
3589 55186 942 11.93469 1.127105 2.1171
3589 55186 944 11.83241 1.137922 2.0638
3589 55186 946 12.02871 0.9438486 3.3043
3589 55186 954 12.18542 0.7763039 2.2505
3589 55186 966 12.04957 0.5024799 1.3766
3589 55186 968 12.12274 0.5610688 1.5325
3589 55186 976 11.98301 0.3708848 0.6809
3589 55186 978 12.02727 0.1650678 5.6412
3589 55186 982 12.17999 0.5583884 2.3381
3589 55186 996 12.26284 0.1456243 6.6576
3590 55201 8 13.48779 0.04183151 2.192
3590 55201 10 13.42501 0.02599324 1.1747
3590 55201 12 13.37567 -0.2177702 0.00081101
3590 55201 22 13.16081 -0.3437863 1.3052e-05
3590 55201 26 13.23243 -0.116745 5.309e-05
3590 55201 32 13.25306 -0.4909173 -0.00071471
3590 55201 36 13.19729 -0.4892071 2.0343
3590 55201 54 13.04274 -1.001635 1.5618
3590 55201 88 12.99152 -0.743805 2.4611
3590 55201 92 12.90937 -0.8017375 -0.00023555
3590 55201 96 12.88719 -0.6801148 0.0015159
3590 55201 98 13.02797 -0.6091799 -0.00064974
3590 55201 114 12.91667 0.01408735 1.6173
3590 55201 116 12.98518 -0.1087056 0.00010261
3590 55201 120 12.89749 -0.2951258 -0.00083228
3590 55201 121 12.77029 -1.03119 0.67902
3590 55201 122 12.74423 -0.9793355 2.5374
3590 55201 124 12.84468 -0.7828378 2.6945
3590 55201 126 12.71546 -0.9890025 -0.00034425
3590 55201 128 12.88278 -0.741118 3.3107
3590 55201 130 12.81908 -0.7166119 2.8041
3590 55201 134 12.85459 -0.6399286 2.2057
3590 55201 162 12.58856 -1.161331 2.2792
3590 55201 164 12.66914 -0.9334717 -0.00059351
3590 55201 168 12.52646 -0.8886937 4.3014
3590 55201 172 12.57853 -0.9105573 2.3258
3590 55201 174 12.48527 -1.155169 2.2727
3590 55201 180 12.62871 -0.667267 -0.00056393
3590 55201 184 12.56844 -0.3965584 2.9803
3590 55201 190 12.65643 -0.08084864 6.3204e-06
3590 55201 192 12.54656 -0.3867543 2.6935
3590 55201 196 12.71386 0.03753124 2.5346
3590 55201 198 12.62752 -0.03827925 -0.00035937
3590 55201 202 12.46406 -0.890957 3.1181
3590 55201 208 12.42136 -1.115953 -0.00052703
3590 55201 210 12.33362 -0.7664415 -0.00038845
3590 55201 211 12.35587 -1.06469 -0.00016305
3590 55201 212 12.4219 -0.9021491 0.00028747
3590 55201 214 12.46295 -0.7929786 -0.00076163
3590 55201 218 12.43113 -0.6386036 2.2379
3590 55201 221 12.41299 -0.1165047 3.0378
3590 55201 222 12.27477 -0.5262007 4.1649
3590 55201 224 12.3856 -0.1883506 1.2113
3590 55201 228 12.22851 -0.1348856 2.4666
3590 55201 230 12.41419 -0.07340968 1.4379
3590 55201 232 12.28015 -0.1326862 -0.00086605
3590 55201 234 12.28029 -0.04025899 2.3549
3590 55201 242 12.30903 -1.225697 0.00018115
3590 55201 244 12.26736 -1.192487 1.5945
3590 55201 246 12.22407 -1.084925 0.47954
3590 55201 248 12.32114 -0.9734411 2.4022
3590 55201 250 12.1583 -1.114398 3.8167
3590 55201 252 12.16244 -0.9914264 -0.00054633
3590 55201 254 12.27831 -0.7725574 2.6459
3590 55201 257 12.22474 -0.7273826 2.109
3590 55201 260 12.19836 -0.8281022 1.5689
3590 55201 268 11.98784 -0.5339126 -7.9837e-05
3590 55201 271 12.06274 -0.08082919 3.1194
3590 55201 276 11.96325 -0.2624861 2.5008
3590 55201 282 12.0789 -1.221759 0.00028061
3590 55201 284 12.02525 -1.056004 2.5312
3590 55201 286 12.11665 -0.939884 -0.00071638
3590 55201 290 12.03486 -1.070555 2.4967
3590 55201 296 11.9556 -1.051198 -0.00049148
3590 55201 302 11.88588 -0.2766057 2.6104
3590 55201 306 11.88379 -0.4948789 0.80683
3590 55201 312 11.9198 -0.005421728 4.5994e-05
3590 55201 314 11.82166 -0.01492413 3.761
3590 55201 318 11.79584 -0.2811145 -0.00056144
3590 55201 320 11.82363 0.04741634 -0.00050479
3590 55201 326 11.79578 -1.024965 1.6336
3590 55201 328 11.86576 -1.074799 1.7705
3590 55201 340 11.81143 -0.8844323 0.00012768
3590 55201 344 11.70547 -0.6010166 2.486
3590 55201 350 11.76034 -0.413805 2.4343e-05
3590 55201 352 11.57589 -0.2970695 5.8407
3590 55201 354 11.54421 -0.2311524 1.2292
3590 55201 356 11.71406 -0.1451293 0.12987
3590 55201 360 11.69972 -0.1048469 2.8593
3590 55201 362 11.67971 -1.234784 2.7123
3590 55201 368 11.55993 -0.9788887 2.2633
3590 55201 370 11.58 -0.9006875 2.3769
3590 55201 374 11.61168 -0.7631931 2.1084
3590 55201 376 11.57614 -0.7549417 2.0555
3590 55201 378 11.58323 -0.7087697 0.73901
3590 55201 380 11.53385 -0.9326518 3.5286e-05
3590 55201 382 11.5414 -0.3423732 2.4319
3590 55201 396 11.40196 -0.00505634 3.1603
3590 55201 397 11.51692 -0.3752739 -0.00058404
3590 55201 398 11.52923 -0.05662588 0.00019422
3590 55201 400 11.47366 -0.04885198 2.2156
3590 55201 402 11.53857 -0.9766005 2.3014
3590 55201 404 11.38236 -1.241235 1.1907
3590 55201 406 11.49791 -0.8717647 -0.0006843
3590 55201 409 11.29026 -1.099711 2.3274
3590 55201 412 11.3244 -1.242903 1.1471
3590 55201 413 11.35605 -0.6977145 1.9172
3590 55201 424 11.35787 -0.2308425 2.4708
3590 55201 430 11.20182 -0.1092831 -0.00013756
3590 55201 438 11.28962 -0.1094797 -0.00099532
3590 55201 440 11.16649 -0.06036818 0.62799
3590 55201 442 11.21135 -1.092315 -0.00044581
3590 55201 446 11.02996 -1.085519 1.3947
3590 55201 462 10.89035 -0.6549088 2.6484
3590 55201 468 10.87914 -0.286845 -0.00057022
3590 55201 475 10.98278 -0.1277436 1.0387
3590 55201 476 10.82946 -0.02531782 0.21611
3590 55201 486 10.70673 -0.3601712 1.3738
3590 55201 487 10.63556 -0.2198959 1.0489
3590 55201 492 10.74826 -0.2215699 1.1666
3590 55201 513 10.61855 0.2843883 2.5455
3590 55201 518 10.5693 0.2270604 -0.00066379
3590 55201 520 10.53316 0.1383774 3.1254
3590 55201 522 10.9299 0.2904326 0.00094749
3590 55201 526 10.77296 0.4987516 2.9131
3590 55201 530 10.75028 0.394837 2.464
3590 55201 540 10.8001 0.1474706 -0.00055962
3590 55201 542 11.01278 1.105601 0.00039382
3590 55201 544 10.83703 0.9066775 -0.00080397
3590 55201 550 10.97068 0.892112 1.1449
3590 55201 554 11.00111 0.790195 0.34467
3590 55201 555 10.9905 0.7261231 1.8231
3590 55201 556 10.79651 0.734281 0.83401
3590 55201 558 10.96276 0.9795207 3.2417
3590 55201 560 10.88142 0.8825187 1.5742
3590 55201 571 11.07869 0.3972364 -0.00073144
3590 55201 576 11.08382 0.1789493 3.2285
3590 55201 584 11.31396 1.03211 2.3252
3590 55201 585 11.15636 1.12224 0.91792
3590 55201 588 11.16874 1.051788 3.2912
3590 55201 594 11.17888 0.7146777 0.38762
3590 55201 598 11.28669 0.7681141 -0.00030495
3590 55201 602 11.45899 0.6240053 1.5509
3590 55201 608 11.34443 0.4911702 -0.00073683
3590 55201 612 11.4591 0.2466525 0.85543
3590 55201 616 11.37155 0.09873933 3.0845
3590 55201 617 11.32958 0.1825506 -0.00053883
3590 55201 620 11.44299 0.1388907 -0.00066967
3590 55201 622 11.46035 1.122922 0.75251
3590 55201 624 11.31743 1.142123 -0.00045002
3590 55201 630 11.55643 1.073814 2.8969
3590 55201 633 11.44931 1.102194 1.4627
3590 55201 634 11.52456 0.7243915 2.9791
3590 55201 638 11.4345 0.7282944 2.1931
3590 55201 642 11.50292 0.6524631 1.6407
3590 55201 648 11.56139 0.6499188 1.0726
3590 55201 650 11.65517 0.3033638 2.6222
3590 55201 656 11.51372 0.1248447 2.5449
3590 55201 660 11.56944 0.3098724 2.4302
3590 55201 664 11.89642 1.13112 0.25153
3590 55201 666 11.81271 1.175559 3.2539
3590 55201 668 11.73122 1.169354 6.4211
3590 55201 670 11.72184 1.196168 2.3701
3590 55201 674 11.83241 1.137922 2.0636
3590 55201 677 11.86514 0.9791387 1.7365
3590 55201 682 11.84271 0.487663 0.22951
3590 55201 690 11.87901 0.4336146 -0.00065013
3590 55201 696 11.88641 0.3531552 2.8719
3590 55201 704 11.9989 1.125426 2.3417
3590 55201 705 12.02524 0.7732271 2.3588
3590 55201 707 12.00379 1.158332 2.2676
3590 55201 710 12.16849 1.10391 0.00020501
3590 55201 712 11.88544 0.9824502 0.39235
3590 55201 714 11.96945 0.9695995 -0.00021256
3590 55201 719 12.00916 0.6778173 4.1913
3590 55201 721 12.05195 0.5666003 7.3034e-05
3590 55201 726 12.12635 0.2979987 -0.0020484
3590 55201 728 11.9083 0.410636 0.82169
3590 55201 736 11.9699 0.2284772 2.159
3590 55201 742 12.20678 1.095427 2.6125
3590 55201 744 12.18414 1.015991 -1.6471e-05
3590 55201 746 11.89547 1.237787 3.276
3590 55201 748 12.23477 0.9467047 2.3271
3590 55201 752 12.19491 0.9362102 3.0482
3590 55201 773 12.17789 0.09548335 2.6854
3590 55201 774 12.16443 0.4216898 0.7235
3590 55201 778 12.31741 0.2685514 -0.00067692
3590 55201 784 12.69151 1.142678 -0.00080067
3590 55201 788 12.41579 0.9346433 -0.00032345
3590 55201 790 12.43577 0.8758456 2.2723
3590 55201 792 12.27835 0.7677405 2.2224
